ingresos,gastos,ahorros,precio,estado_civil,Rango de edad,trabajo,comprar
1115,371,1327,2936,0,1,2,0
628,285,3421,2750,1,2,2,1
155,491,3820,1493,0,0,1,1
3465,206,2188,2303,0,2,1,0
3847,255,2438,1311,0,2,2,0
0,507,1632,1150,1,2,0,0
130,409,1012,2182,0,0,1,0
0,276,3527,2607,0,1,0,0
3650,333,3437,1011,0,0,2,1
992,289,2043,2414,2,1,3,1
3137,335,661,1468,0,2,2,0
3541,275,3136,2014,2,2,3,0
858,274,2943,1300,2,2,2,0
999,367,3797,2833,1,1,2,1
3797,270,2334,2654,2,1,2,0
1976,350,3569,2171,0,0,1,1
1724,402,2802,1465,1,0,3,1
1243,588,675,1992,2,1,2,0
0,519,3486,1862,0,2,0,1
851,535,2543,1954,0,0,2,1
3259,475,1621,1047,2,1,1,0
1524,390,1391,1593,0,0,1,1
886,477,1521,1364,0,2,3,0
0,414,2491,2151,0,0,0,0
3327,482,2517,2876,0,1,2,1
3747,560,755,2051,0,1,1,0
883,231,3476,1071,0,0,2,0
28,277,2474,1449,0,2,2,0
3489,329,2495,980,0,2,3,1
3735,362,3314,1555,1,0,2,1
383,394,628,1606,2,2,2,0
2790,248,3867,1467,0,0,3,0
2439,277,1760,2325,2,1,2,0
0,261,1597,1461,0,0,0,0
1930,553,2977,2655,0,1,1,1
2829,372,3952,2003,2,1,3,1
1250,375,2118,2124,0,2,2,0
0,478,2294,1457,1,2,0,0
2129,276,3618,1025,1,2,3,1
1736,551,3587,1574,0,0,1,0
1205,508,3849,1193,0,1,2,0
1853,389,3004,1208,0,0,1,1
1473,374,1410,2134,1,1,2,0
3451,550,2088,1514,0,0,1,1
1467,368,2046,1114,0,2,3,0
57,598,3412,1660,1,2,2,1
2495,537,918,2981,0,1,2,0
0,316,622,1211,1,1,0,0
3380,248,971,2781,2,2,3,1
3889,334,1392,1541,0,2,1,0
2615,485,3688,1735,1,2,2,1
3478,540,2289,2154,1,2,1,0
0,509,754,1642,2,1,0,0
258,357,2355,1369,1,1,3,0
427,508,1201,2686,0,1,3,0
3126,388,1408,1420,1,1,2,1
0,514,1941,900,0,0,0,0
1161,497,1888,1090,1,2,2,0
0,419,2713,1275,0,1,0,0
0,586,838,2495,0,1,0,0
0,228,894,2619,2,1,0,0
48,392,3295,2650,1,1,2,0
0,577,2171,2840,0,2,0,0
289,511,3789,1549,1,2,3,0
0,276,1213,2658,0,2,0,0
2961,274,878,2436,2,1,1,0
3627,418,991,910,2,2,1,0
0,576,1635,2043,0,1,0,0
2061,373,3354,1069,2,1,2,0
2905,203,2752,1709,0,0,2,1
2577,518,2265,1084,2,1,2,0
0,529,567,2427,1,1,0,0
3225,466,885,1474,2,2,3,0
2213,568,2134,2559,1,0,2,0
3937,554,3834,926,0,1,2,0
15,543,2965,1935,2,1,3,0
1230,452,2250,1444,0,2,3,0
893,457,718,1609,2,1,1,0
1081,516,3686,918,1,2,2,0
610,541,1601,955,2,1,2,0
1513,212,2046,2542,2,2,2,0
1595,261,1146,1538,0,1,3,0
0,248,1981,2598,2,2,0,0
3037,452,647,1037,0,0,2,0
2113,398,1329,1346,1,0,1,1
288,446,3311,1308,0,0,2,1
0,211,2520,1261,1,0,0,0
122,540,3560,1547,0,0,2,0
2117,530,504,1774,1,1,3,0
0,529,2642,1263,0,1,0,1
0,464,3617,1466,0,2,0,1
0,510,2894,1956,2,2,0,1
1266,341,3694,2506,2,1,3,1
1510,214,3734,1113,0,1,3,1
1173,201,3445,2730,0,1,2,0
3238,439,2913,2372,0,0,1,1
0,349,2130,1004,0,1,0,0
3937,280,3040,1645,0,2,1,0
0,501,3880,2459,1,1,0,0
3626,221,2661,1592,0,2,1,0
1445,414,953,2040,2,2,1,0
1261,569,1319,1001,2,1,1,1
11,298,1302,2539,1,0,2,0
1903,494,3153,1034,2,1,1,1
1673,309,3034,938,0,0,2,1
1422,213,1044,1371,0,0,1,0
0,254,3049,2979,0,1,0,0
1114,274,3568,2232,1,0,2,1
2490,433,3854,1546,0,2,2,0
0,452,3340,1493,1,0,0,1
486,278,2453,2078,0,0,1,1
0,431,1481,1908,2,2,0,0
2935,377,1083,1706,0,2,3,1
503,322,2150,1160,0,1,3,0
2773,406,1327,901,0,1,1,1
2684,288,2511,2997,2,2,2,1
0,201,3784,1168,1,1,0,0
3714,219,508,1251,2,2,1,1
0,425,917,2715,2,2,0,0
0,264,1483,1894,1,0,0,0
2859,314,889,2782,1,2,3,0
0,304,1773,1952,1,1,0,0
3470,593,2529,1549,1,0,1,1
448,336,2745,1656,2,1,2,0
1436,402,897,1571,2,2,1,1
0,403,2347,2632,1,1,0,0
1746,241,1138,1439,0,0,1,0
3805,214,3757,2062,1,2,2,1
1572,207,3112,1955,1,2,3,1
1711,221,3621,2112,1,0,3,1
148,305,948,1489,1,0,3,0
1453,302,2703,2787,0,0,3,0
0,289,3162,966,0,0,0,1
0,426,633,1207,1,2,0,0
0,496,3682,1563,1,1,0,0
2657,288,1737,2908,0,1,1,0
3337,278,1531,1223,0,0,2,0
0,373,1931,1187,1,0,0,1
203,475,3745,2004,1,2,1,1
2611,559,2891,904,2,1,1,0
0,447,1396,1647,0,1,0,0
2097,254,2663,1086,1,2,3,1
1923,496,966,2248,1,1,3,1
3661,426,2429,1193,0,0,1,1
1895,352,687,2412,1,0,1,0
0,475,2396,2379,0,1,0,0
3349,503,1561,2456,2,2,1,0
3653,347,2114,2480,1,2,2,1
0,271,2190,2556,2,2,0,0
3888,237,2559,1488,0,0,2,0
2996,438,2959,2178,0,1,3,0
0,220,2843,2459,0,1,0,0
2512,275,2063,2204,0,0,1,1
2515,594,1749,1516,0,1,3,0
1106,282,1642,2484,0,2,1,0
414,539,3060,1619,0,2,2,0
2089,575,3684,1694,2,2,3,0
3352,229,3910,1197,1,2,3,0
1866,562,1691,956,2,2,1,0
0,203,2968,1105,0,0,0,1
863,460,2060,2443,2,2,1,0
3013,219,3484,1496,1,0,2,0
776,590,1372,2951,2,2,2,0
0,364,2531,1693,0,0,0,0
0,227,549,2491,2,1,0,0
0,403,721,2113,2,1,0,0
3226,294,3543,2923,1,2,3,0
3550,324,702,1026,0,0,2,0
2463,303,3607,2010,1,0,2,0
1524,435,3030,2720,2,2,3,0
2306,469,1352,1144,2,2,3,0
0,453,3378,2863,0,2,0,0
1022,234,1753,1549,0,1,3,0
0,555,1588,2402,2,1,0,0
2899,332,1697,1729,0,2,1,0
0,319,3905,1514,0,0,0,0
0,253,3934,1450,0,0,0,0
1444,301,3152,1908,0,2,2,0
739,401,2408,2985,0,0,2,0
0,507,3902,1214,2,1,0,0
0,346,3600,2839,0,0,0,0
0,275,2678,951,1,1,0,0
1845,226,3284,2226,2,1,3,0
3397,424,2551,1696,1,0,1,0
1082,599,880,1374,0,1,3,0
244,270,1972,2718,1,0,3,0
1699,354,3673,1199,0,1,1,0
3051,551,1526,1666,2,1,2,0
1668,432,1584,1556,0,1,3,0
1768,207,1216,1297,0,0,2,0
0,298,3199,1632,0,0,0,0
2657,411,3258,2006,0,1,2,0
3924,418,1899,2003,0,2,3,0
0,202,1709,2308,2,1,0,0
2047,226,2640,1812,2,2,2,0
3207,272,2751,2694,0,0,2,1
1599,572,3599,2591,1,2,3,0
1378,286,1662,2446,0,1,1,0
0,333,3774,1137,2,1,0,1
130,388,3275,916,1,2,1,0
2479,441,2368,1582,1,0,2,0
1461,274,2972,2278,0,1,3,0
